100
0 2 2 N 1
1 62 2 N 0 2 10 11
2 122 2 N 1 3
3 182 2 N 2 4 12 13
4 242 2 N 3 5 13 14
5 302 2 N 4 6 15
6 362 2 N 5 7
7 422 2 N 6 17
8 482 2 N 9 17
9 542 2 N 8 19
10 2 62 N 1 20
11 62 62 N 1 12 20
12 122 62 N 3 11 13 21 22
13 182 62 N 3 4 12 14 23
14 242 62 N 4 13 15 24
15 302 62 N 5 14 16
16 362 62 N 15 25 26
17 422 62 N 7 8 18 27
18 482 62 N 17 19 27 28
19 542 62 N 9 18 28 29
20 2 122 N 10 11 21 30
21 62 122 N 12 20 22 30
22 122 122 N 12 21 23
23 182 122 N 13 22 24 33
24 242 122 N 14 23 25 33 34
25 302 122 N 16 24 26 34 35
26 362 122 N 16 25 36
27 422 122 N 17 18 28
28 482 122 N 18 19 27 29 37
29 542 122 N 19 28
30 2 182 N 20 21 31 40
31 62 182 N 30 32 41
32 122 182 N 31 41 42
33 182 182 N 23 24 43
34 242 182 N 24 25 35
35 302 182 N 25 34 36 44 45
36 362 182 N 26 35 45
37 422 182 N 28 38 46 47
38 482 182 N 37 39 47 48
39 542 182 N 38 48 49
40 2 242 N 30 41 50
41 62 242 N 31 32 40 42 51
42 122 242 N 32 41 51 52
43 182 242 N 33 53
44 242 242 N 35 53 54
45 302 242 N 35 36 54 55
46 362 242 N 37 47 55
47 422 242 N 37 38 46 56 57
48 482 242 N 38 39 49
49 542 242 N 39 48 58 59
50 2 302 N 40
51 62 302 N 41 42 52 60 61
52 122 302 N 42 51 61 62
53 182 302 N 43 44 54 63
54 242 302 N 44 45 53 55 64
55 302 302 N 45 46 54 56 64 65
56 362 302 N 47 55 65 66
57 422 302 N 47 66
58 482 302 N 49 67 68
59 542 302 N 49 69
60 2 362 N 51 61 70
61 62 362 N 51 52 60 70
62 122 362 N 52 63 71 72
63 182 362 N 53 62 72 73
64 242 362 N 54 55 65 74
65 302 362 N 55 56 64 66 75
66 362 362 N 56 57 65 67 75
67 422 362 N 58 66 68 76 77
68 482 362 N 58 67 69 77 78
69 542 362 N 59 68 79
70 2 422 N 60 61 80
71 62 422 N 62 72 80
72 122 422 N 62 63 71 73 81 82
73 182 422 N 63 72 74 82
74 242 422 N 64 73 75 83
75 302 422 N 65 66 74 76 84 85
76 362 422 N 67 75 85
77 422 422 N 67 68 78 87
78 482 422 N 68 77 79 87 88
79 542 422 N 69 78 88 89
80 2 482 N 70 71 90
81 62 482 N 72 90 91
82 122 482 N 72 73 83 91
83 182 482 N 74 82 84 92
84 242 482 N 75 83 85 93
85 302 482 N 75 76 84 86 94 95
86 362 482 N 85 87 96
87 422 482 N 77 78 86 88 96 97
88 482 482 N 78 79 87 98
89 542 482 N 79 98
90 2 542 N 80 81
91 62 542 N 81 82 92
92 122 542 N 83 91 93
93 182 542 N 84 92 94
94 242 542 N 85 93 95
95 302 542 N 85 94
96 362 542 N 86 87 97
97 422 542 N 87 96
98 482 542 N 88 89 99
99 542 542 N 98
