1000
0 2 2 N 1
1 21 2 N 0
2 40 2 N 3 32 33
3 59 2 N 2 34
4 78 2 N 5 34
5 97 2 N 4 6 35 36
6 116 2 N 5 36
7 135 2 N 8 38
8 154 2 N 7 38
9 173 2 N 10 39 40
10 192 2 N 9 11 41
11 211 2 N 10
12 230 2 N 13 43
13 249 2 N 12 14 43 44
14 268 2 N 13 44
15 287 2 N 46
16 306 2 N 17 46 47
17 325 2 N 16 47
18 344 2 N 19 48
19 363 2 N 18 20
20 382 2 N 19 21 50
21 401 2 N 20 22 51 52
22 420 2 N 21 53
23 439 2 N 24 53 54
24 458 2 N 23 54
25 477 2 N 26 55 56
26 496 2 N 25 27 56 57
27 515 2 N 26 58
28 534 2 N 29 58
29 553 2 N 28 60
30 572 2 N 60 61
31 2 21 N 32 62
32 21 21 N 2 31 62 63
33 40 21 N 2 63 64
34 59 21 N 3 4
35 78 21 N 5 66
36 97 21 N 5 6 66 67
37 116 21 N 38 68
38 135 21 N 7 8 37 39 69
39 154 21 N 9 38 40 69 70
40 173 21 N 9 39 41 71
41 192 21 N 10 40 42 71 72
42 211 21 N 41 43 73
43 230 21 N 12 13 42 73 74
44 249 21 N 13 14 45 74
45 268 21 N 44 46
46 287 21 N 15 16 45 47 76 77
47 306 21 N 16 17 46 48 77 78
48 325 21 N 18 47 49 78
49 344 21 N 48 50
50 363 21 N 20 49 51 80 81
51 382 21 N 21 50 52 82
52 401 21 N 21 51 82 83
53 420 21 N 22 23 83 84
54 439 21 N 23 24 55 84
55 458 21 N 25 54 56 85
56 477 21 N 25 26 55 57 86 87
57 496 21 N 26 56 88
58 515 21 N 27 28 59 88 89
59 534 21 N 58 60 89
60 553 21 N 29 30 59 61 91
61 572 21 N 30 60 91 92
62 2 40 N 31 32 63
63 21 40 N 32 33 62 93 94
64 40 40 N 33 65 94 95
65 59 40 N 64 66 96
66 78 40 N 35 36 65 67 96 97
67 97 40 N 36 66 68 97 98
68 116 40 N 37 67 69 99
69 135 40 N 38 39 68 100
70 154 40 N 39
71 173 40 N 40 41 101 102
72 192 40 N 41 73 102
73 211 40 N 42 43 72 74 103
74 230 40 N 43 44 73 104 105
75 249 40 N 76 106
76 268 40 N 46 75 77 106 107
77 287 40 N 46 47 76 78 107 108
78 306 40 N 47 48 77
79 325 40 N 80 109 110
80 344 40 N 50 79 81 110 111
81 363 40 N 50 80 82
82 382 40 N 51 52 81 112 113
83 401 40 N 52 53 84
84 420 40 N 53 54 83 114
85 439 40 N 55 116
86 458 40 N 56
87 477 40 N 56 117
88 496 40 N 57 58 89 119
89 515 40 N 58 59 88 90
90 534 40 N 89 91 121
91 553 40 N 60 61 90 122
92 572 40 N 61 122 123
93 2 59 N 63 94 124
94 21 59 N 63 64 93 95 124
95 40 59 N 64 94 96 125
96 59 59 N 65 66 95 127
97 78 59 N 66 67 127
98 97 59 N 67 99 128 129
99 116 59 N 68 98 129 130
100 135 59 N 69 101 130
101 154 59 N 71 100 102 131 132
102 173 59 N 71 72 101 103 133
103 192 59 N 73 102 104 133 134
104 211 59 N 74 103 135
105 230 59 N 74 106 135
106 249 59 N 75 76 105 107 136 137
107 268 59 N 76 77 106 108
108 287 59 N 77 107 139
109 306 59 N 79 110 140
110 325 59 N 79 80 109 111 140 141
111 344 59 N 80 110 112 142
112 363 59 N 82 111 113 142 143
113 382 59 N 82 112 114 144
114 401 59 N 84 113 115 144
115 420 59 N 114 145 146
116 439 59 N 85 117 146 147
117 458 59 N 87 116 118
118 477 59 N 117 119 148 149
119 496 59 N 88 118 149 150
120 515 59 N 121 151
121 534 59 N 90 120 122 151 152
122 553 59 N 91 92 121 123 152 153
123 572 59 N 92 122 153 154
124 2 78 N 93 94 155
125 21 78 N 95 126 156
126 40 78 N 125 127 156 157
127 59 78 N 96 97 126 128 158
128 78 78 N 98 127 158 159
129 97 78 N 98 99 130 160
130 116 78 N 99 100 129 131 160 161
131 135 78 N 101 130 132 162
132 154 78 N 101 131
133 173 78 N 102 103 134 163 164
134 192 78 N 103 133 135 164 165
135 211 78 N 104 105 134 136 166
136 230 78 N 106 135 166 167
137 249 78 N 106 167 168
138 268 78 N 139 168 169
139 287 78 N 108 138 140 169
140 306 78 N 109 110 139 141 171
141 325 78 N 110 140 142
142 344 78 N 111 112 141 143 173
143 363 78 N 112 142 173 174
144 382 78 N 113 114 145
145 401 78 N 115 144 146 175 176
146 420 78 N 115 116 145 147 176 177
147 439 78 N 116 146 178
148 458 78 N 118 178 179
149 477 78 N 118 119 150 179 180
150 496 78 N 119 149 151
151 515 78 N 120 121 150 181 182
152 534 78 N 121 122 183
153 553 78 N 122 123 154 183
154 572 78 N 123 153 184 185
155 2 97 N 124 156 186
156 21 97 N 125 126 155 157 186 187
157 40 97 N 126 156 158
158 59 97 N 127 128 157 159 188 189
159 78 97 N 128 158 160 189 190
160 97 97 N 129 130 159 161 190 191
161 116 97 N 130 160 191 192
162 135 97 N 131 192 193
163 154 97 N 133 164 193 194
164 173 97 N 133 134 163 194 195
165 192 97 N 134 166 195
166 211 97 N 135 136 165 167 196 197
167 230 97 N 136 137 166 197
168 249 97 N 137 138 198 199
169 268 97 N 138 139 170 200
170 287 97 N 169 171 200
171 306 97 N 140 170 172 201 202
172 325 97 N 171 173 202
173 344 97 N 142 143 172 203
174 363 97 N 143 175
175 382 97 N 145 174 205 206
176 401 97 N 145 146 206 207
177 420 97 N 146 178 208
178 439 97 N 147 148 177 179 208 209
179 458 97 N 148 149 178 180 209
180 477 97 N 149 179 181 210 211
181 496 97 N 151 180 212
182 515 97 N 151 183 212 213
183 534 97 N 152 153 182 184 213 214
184 553 97 N 154 183 185 215
185 572 97 N 154 184 215 216
186 2 116 N 155 156 187
187 21 116 N 156 186 188
188 40 116 N 158 187 218
189 59 116 N 158 159 219 220
190 78 116 N 159 160 191 220 221
191 97 116 N 160 161 190 192 221
192 116 116 N 161 162 191 193 222 223
193 135 116 N 162 163 192 194 223 224
194 154 116 N 163 164 193 195 225
195 173 116 N 164 165 194 225
196 192 116 N 166 197 226 227
197 211 116 N 166 167 196 227
198 230 116 N 168 199 228 229
199 249 116 N 168 198 229
200 268 116 N 169 170 201 230 231
201 287 116 N 171 200 202 231
202 306 116 N 171 172 201 203 232 233
203 325 116 N 173 202 204 234
204 344 116 N 203 205 234 235
205 363 116 N 175 204 235 236
206 382 116 N 175 176 207 236 237
207 401 116 N 176 206 237 238
208 420 116 N 177 178 209 238
209 439 116 N 178 179 208 210
210 458 116 N 180 209 241
211 477 116 N 180 212 241 242
212 496 116 N 181 182 211 213 242 243
213 515 116 N 182 183 212 214 243 244
214 534 116 N 183 213 215 244
215 553 116 N 184 185 214 216 245 246
216 572 116 N 185 215 247
217 2 135 N 218 248
218 21 135 N 188 217 248 249
219 40 135 N 189 220
220 59 135 N 189 190 219 221 251
221 78 135 N 190 191 220 222 252
222 97 135 N 192 221 223 252 253
223 116 135 N 192 193 222 253
224 135 135 N 193 225 254 255
225 154 135 N 194 195 224 255 256
226 173 135 N 196 256 257
227 192 135 N 196 197 257 258
228 211 135 N 198 258 259
229 230 135 N 198 199 259
230 249 135 N 200 231 260
231 268 135 N 200 201 230 232 261 262
232 287 135 N 202 231 233 262
233 306 135 N 202 232 263 264
234 325 135 N 203 204 235 264 265
235 344 135 N 204 205 234 236 265 266
236 363 135 N 205 206 235 237 267
237 382 135 N 206 207 236 238 267 268
238 401 135 N 207 208 237 268 269
239 420 135 N 240 269 270
240 439 135 N 239 241 270 271
241 458 135 N 210 211 240 242 272
242 477 135 N 211 212 241 243 272 273
243 496 135 N 212 213 242 244 273
244 515 135 N 213 214 243 245 274 275
245 534 135 N 215 244 275 276
246 553 135 N 215 247 276 277
247 572 135 N 216 246 277 278
248 2 154 N 217 218 249 279
249 21 154 N 218 248 250 279 280
250 40 154 N 249 251 281
251 59 154 N 220 250 282
252 78 154 N 221 222 253 282 283
253 97 154 N 222 223 252 283
254 116 154 N 224 284 285
255 135 154 N 224 225 256 285 286
256 154 154 N 225 226 255 257 286 287
257 173 154 N 226 227 256 287 288
258 192 154 N 227 228 259 288 289
259 211 154 N 228 229 258 260 289
260 230 154 N 230 259 261 290 291
261 249 154 N 231 260 262
262 268 154 N 231 232 261 292
263 287 154 N 233 264 293
264 306 154 N 233 234 263 265 294
265 325 154 N 234 235 264 296
266 344 154 N 235 297
267 363 154 N 236 237 268 297 298
268 382 154 N 237 238 267 269 298 299
269 401 154 N 238 239 268 299 300
270 420 154 N 239 240 271 300
271 439 154 N 240 270 301 302
272 458 154 N 241 242 273 303
273 477 154 N 242 243 272 303
274 496 154 N 244 275 304 305
275 515 154 N 244 245 274 276 305 306
276 534 154 N 245 246 275 277 307
277 553 154 N 246 247 276 278
278 572 154 N 247 277 308 309
279 2 173 N 248 249 280 310
280 21 173 N 249 279 281 310
281 40 173 N 250 280
282 59 173 N 251 252 283 312 313
283 78 173 N 252 253 282 284 313 314
284 97 173 N 254 283 285 314 315
285 116 173 N 254 255 284 286 315 316
286 135 173 N 255 256 285 317
287 154 173 N 256 257 317 318
288 173 173 N 257 258 289 318 319
289 192 173 N 258 259 288 290 319 320
290 211 173 N 260 289 291 320 321
291 230 173 N 260 290 321 322
292 249 173 N 262 293 322 323
293 268 173 N 263 292 294 323
294 287 173 N 264 293 295 324 325
295 306 173 N 294 296 325 326
296 325 173 N 265 295 297
297 344 173 N 266 267 296 328
298 363 173 N 267 268 299 328
299 382 173 N 268 269 298 300 329
300 401 173 N 269 270 299 330 331
301 420 173 N 271 302 331 332
302 439 173 N 271 301 332
303 458 173 N 272 273 304 333 334
304 477 173 N 274 303 305 334 335
305 496 173 N 274 275 304 335 336
306 515 173 N 275 307 336 337
307 534 173 N 276 306 308 337
308 553 173 N 278 307 309
309 572 173 N 278 308 339 340
310 2 192 N 279 280 311 341
311 21 192 N 310 312 341 342
312 40 192 N 282 311 313 343
313 59 192 N 282 283 312 314 343
314 78 192 N 283 284 313
315 97 192 N 284 285 316 345 346
316 116 192 N 285 315 317 346
317 135 192 N 286 287 316 318 347
318 154 192 N 287 288 317 319 349
319 173 192 N 288 289 318 320 349 350
320 192 192 N 289 290 319 321 350 351
321 211 192 N 290 291 320 322
322 230 192 N 291 292 321 323 352 353
323 249 192 N 292 293 322 324 354
324 268 192 N 294 323 325 354
325 287 192 N 294 295 324 326 356
326 306 192 N 295 325
327 325 192 N 328 358
328 344 192 N 297 298 327 329 359
329 363 192 N 299 328 330 359
330 382 192 N 300 329 360 361
331 401 192 N 300 301 361 362
332 420 192 N 301 302 333 362 363
333 439 192 N 303 332 334 363 364
334 458 192 N 303 304 333 335 364 365
335 477 192 N 304 305 334 336 365 366
336 496 192 N 305 306 335 337 366 367
337 515 192 N 306 307 336 338 367 368
338 534 192 N 337 369
339 553 192 N 309 340
340 572 192 N 309 339 370 371
341 2 211 N 310 311 372
342 21 211 N 311 343 373
343 40 211 N 312 313 342 373
344 59 211 N 345
345 78 211 N 315 344 375
346 97 211 N 315 316 347 376 377
347 116 211 N 317 346 348
348 135 211 N 347 349 378 379
349 154 211 N 318 319 348
350 173 211 N 319 320 381
351 192 211 N 320 352 381 382
352 211 211 N 322 351 353 382 383
353 230 211 N 322 352 383 384
354 249 211 N 323 324 384 385
355 268 211 N 356 385
356 287 211 N 325 355 357 387
357 306 211 N 356 387 388
358 325 211 N 327 359
359 344 211 N 328 329 358 360 389 390
360 363 211 N 330 359 390 391
361 382 211 N 330 331 362 392
362 401 211 N 331 332 361 363 392 393
363 420 211 N 332 333 362 364 393
364 439 211 N 333 334 363 365 394 395
365 458 211 N 334 335 364 395 396
366 477 211 N 335 336 367 396 397
367 496 211 N 336 337 366 368 397 398
368 515 211 N 337 367 369 399
369 534 211 N 338 368 370
370 553 211 N 340 369 371 400 401
371 572 211 N 340 370 401
372 2 230 N 341 373
373 21 230 N 342 343 372 374 403 404
374 40 230 N 373 375 405
375 59 230 N 345 374 376 406
376 78 230 N 346 375 377 406
377 97 230 N 346 376 378 408
378 116 230 N 348 377 379 408
379 135 230 N 348 378 380 410
380 154 230 N 379 381 410 411
381 173 230 N 350 351 380 382 411 412
382 192 230 N 351 352 381 383 412 413
383 211 230 N 352 353 382 413 414
384 230 230 N 353 354 385 414 415
385 249 230 N 354 355 384 416
386 268 230 N 387 416
387 287 230 N 356 357 386 388 417 418
388 306 230 N 357 387 389 418 419
389 325 230 N 359 388 419 420
390 344 230 N 359 360 420
391 363 230 N 360 392 421 422
392 382 230 N 361 362 391 393 422 423
393 401 230 N 362 363 392 394 424
394 420 230 N 364 393 395 425
395 439 230 N 364 365 394 425 426
396 458 230 N 365 366 397 427
397 477 230 N 366 367 396 427
398 496 230 N 367 428 429
399 515 230 N 368 400 429 430
400 534 230 N 370 399 431
401 553 230 N 370 371 402 431
402 572 230 N 401 432 433
403 2 249 N 373 404 434
404 21 249 N 373 403 405 435
405 40 249 N 374 404 435 436
406 59 249 N 375 376 407 437
407 78 249 N 406 408 437 438
408 97 249 N 377 378 407 409 438 439
409 116 249 N 408 410 439
410 135 249 N 379 380 409 411 440 441
411 154 249 N 380 381 410 441
412 173 249 N 381 382 413 442 443
413 192 249 N 382 383 412 414 444
414 211 249 N 383 384 413 445
415 230 249 N 384 416 445 446
416 249 249 N 385 386 415 417 447
417 268 249 N 387 416 448
418 287 249 N 387 388 448 449
419 306 249 N 388 389 450
420 325 249 N 389 390 421 451
421 344 249 N 391 420 422 452
422 363 249 N 391 392 421 423 452 453
423 382 249 N 392 422
424 401 249 N 393 425 454 455
425 420 249 N 394 395 424 455 456
426 439 249 N 395 427 456
427 458 249 N 396 397 426 428 458
428 477 249 N 398 427 459
429 496 249 N 398 399 430 459
430 515 249 N 399 429
431 534 249 N 400 401 461
432 553 249 N 402 462
433 572 249 N 402 463 464
434 2 268 N 403 465
435 21 268 N 404 405 436 465
436 40 268 N 405 435 437 466
437 59 268 N 406 407 436 438 468
438 78 268 N 407 408 437 468 469
439 97 268 N 408 409 440 470
440 116 268 N 410 439 441 471
441 135 268 N 410 411 440 471 472
442 154 268 N 412 472 473
443 173 268 N 412 444 473 474
444 192 268 N 413 443 474 475
445 211 268 N 414 415 476
446 230 268 N 415 447 476
447 249 268 N 416 446 477 478
448 268 268 N 417 418 449 479
449 287 268 N 418 448 450 479
450 306 268 N 419 449 451 481
451 325 268 N 420 450 481 482
452 344 268 N 421 422 453 482 483
453 363 268 N 422 452 454 483 484
454 382 268 N 424 453 455
455 401 268 N 424 425 454 456 485 486
456 420 268 N 425 426 455 457
457 439 268 N 456 458 488
458 458 268 N 427 457 459 488
459 477 268 N 428 429 458 460 489 490
460 496 268 N 459 461 490 491
461 515 268 N 431 460 462 491 492
462 534 268 N 432 461 463 492 493
463 553 268 N 433 462 464
464 572 268 N 433 463 494 495
465 2 287 N 434 435 466 496
466 21 287 N 436 465 467 496 497
467 40 287 N 466 468 497 498
468 59 287 N 437 438 467 498 499
469 78 287 N 438 470 499
470 97 287 N 439 469 471 500
471 116 287 N 440 441 470 472 502
472 135 287 N 441 442 471 503
473 154 287 N 442 443 474 503
474 173 287 N 443 444 473 475 504 505
475 192 287 N 444 474 505
476 211 287 N 445 446 477 506 507
477 230 287 N 447 476 478 508
478 249 287 N 447 477 479 508 509
479 268 287 N 448 449 478 509 510
480 287 287 N
481 306 287 N 450 451 482 511 512
482 325 287 N 451 452 481 483 512 513
483 344 287 N 452 453 482 513 514
484 363 287 N 453 485 514 515
485 382 287 N 455 484 486 515 516
486 401 287 N 455 485 517
487 420 287 N 488 517
488 439 287 N 457 458 487 489
489 458 287 N 459 488 519 520
490 477 287 N 459 460 520
491 496 287 N 460 461 492 521 522
492 515 287 N 461 462 491 493 522 523
493 534 287 N 462 492 494 523
494 553 287 N 464 493 495 524 525
495 572 287 N 464 494 525 526
496 2 306 N 465 466 497
497 21 306 N 466 467 496 527
498 40 306 N 467 468 499 529
499 59 306 N 468 469 498 500 529 530
500 78 306 N 470 499 501 530 531
501 97 306 N 500 532
502 116 306 N 471 532 533
503 135 306 N 472 473 504 533
504 154 306 N 474 503 505 534
505 173 306 N 474 475 504 535 536
506 192 306 N 476 507 536 537
507 211 306 N 476 506 537
508 230 306 N 477 478 509 539
509 249 306 N 478 479 508 510 539 540
510 268 306 N 479 509 540 541
511 287 306 N 481 512 541 542
512 306 306 N 481 482 511 513 542 543
513 325 306 N 482 483 512 514 543 544
514 344 306 N 483 484 513 515 545
515 363 306 N 484 485 514 545 546
516 382 306 N 485 546
517 401 306 N 486 487
518 420 306 N 519 548 549
519 439 306 N 489 518 549
520 458 306 N 489 490 550 551
521 477 306 N 491 522 551
522 496 306 N 491 492 521 553
523 515 306 N 492 493 524
524 534 306 N 494 523 525 554 555
525 553 306 N 494 495 524 526 556
526 572 306 N 495 525 556 557
527 2 325 N 497 558
528 21 325 N 558 559
529 40 325 N 498 499 530 559 560
530 59 325 N 499 500 529 531 560 561
531 78 325 N 500 530 532 561
532 97 325 N 501 502 531 562
533 116 325 N 502 503 534 563
534 135 325 N 504 533 564 565
535 154 325 N 505 536 565
536 173 325 N 505 506 535 566 567
537 192 325 N 506 507 538 567 568
538 211 325 N 537 539 568
539 230 325 N 508 509 538 540 570
540 249 325 N 509 510 539 541 570
541 268 325 N 510 511 540 571 572
542 287 325 N 511 512 572
543 306 325 N 512 513 544 573 574
544 325 325 N 513 543 545 574
545 344 325 N 514 515 544 546 575 576
546 363 325 N 515 516 545 547 576 577
547 382 325 N 546 548 577 578
548 401 325 N 518 547 549 578
549 420 325 N 518 519 548 550 579 580
550 439 325 N 520 549 551 580 581
551 458 325 N 520 521 550 552 582
552 477 325 N 551 553 582 583
553 496 325 N 522 552 554 584
554 515 325 N 524 553 584 585
555 534 325 N 524 556 586
556 553 325 N 525 526 555 586 587
557 572 325 N 526 587 588
558 2 344 N 527 528 559
559 21 344 N 528 529 558 589
560 40 344 N 529 530 561 590
561 59 344 N 530 531 560 562 591
562 78 344 N 532 561 563 592 593
563 97 344 N 533 562 593 594
564 116 344 N 534 595
565 135 344 N 534 535 566 596
566 154 344 N 536 565 567 597
567 173 344 N 536 537 566 568 598
568 192 344 N 537 538 567 598 599
569 211 344 N 599 600
570 230 344 N 539 540 571 601
571 249 344 N 541 570 572 602
572 268 344 N 541 542 571 573 602 603
573 287 344 N 543 572 574 603 604
574 306 344 N 543 544 573 604
575 325 344 N 545 576 605 606
576 344 344 N 545 546 575 577 606 607
577 363 344 N 546 547 576 607 608
578 382 344 N 547 548 608 609
579 401 344 N 549 580 609 610
580 420 344 N 549 550 579 611
581 439 344 N 550 582 612
582 458 344 N 551 552 581 612 613
583 477 344 N 552 614
584 496 344 N 553 554 585 615
585 515 344 N 554 584 586 615 616
586 534 344 N 555 556 585 616 617
587 553 344 N 556 557 617 618
588 572 344 N 557 619
589 2 363 N 559 590
590 21 363 N 560 589 591 621
591 40 363 N 561 590 592 621 622
592 59 363 N 562 591 593 622 623
593 78 363 N 562 563 592 594 623
594 97 363 N 563 593 595 624 625
595 116 363 N 564 594 596 625
596 135 363 N 565 595 597 626
597 154 363 N 566 596 598 628
598 173 363 N 567 568 597 599 628 629
599 192 363 N 568 569 598 600 629 630
600 211 363 N 569 599 630 631
601 230 363 N 570 602 631 632
602 249 363 N 571 572 601 603 632
603 268 363 N 572 573 602 633 634
604 287 363 N 573 574 605 634
605 306 363 N 575 604 636
606 325 363 N 575 576 607 636
607 344 363 N 576 577 606 608 637
608 363 363 N 577 578 607 609 639
609 382 363 N 578 579 608 639 640
610 401 363 N 579 611
611 420 363 N 580 610 612 641 642
612 439 363 N 581 582 611 613 642
613 458 363 N 582 612 643 644
614 477 363 N 583 615 645
615 496 363 N 584 585 614 616 646
616 515 363 N 585 586 615 617 646 647
617 534 363 N 586 587 616 618 647 648
618 553 363 N 587 617
619 572 363 N 588 649 650
620 2 382 N 621
621 21 382 N 590 591 620 651 652
622 40 382 N 591 592 623 652 653
623 59 382 N 592 593 622 624 654
624 78 382 N 594 623 654 655
625 97 382 N 594 595 656
626 116 382 N 596 656
627 135 382 N 628 657 658
628 154 382 N 597 598 627 659
629 173 382 N 598 599 630 659 660
630 192 382 N 599 600 629 631 660 661
631 211 382 N 600 601 630 632 661 662
632 230 382 N 601 602 631 633 662
633 249 382 N 603 632 634 663 664
634 268 382 N 603 604 633 635 664
635 287 382 N 634 636 666
636 306 382 N 605 606 635 637 666
637 325 382 N 607 636 638 667 668
638 344 382 N 637 639 668 669
639 363 382 N 608 609 638 640 669 670
640 382 382 N 609 639 641 670 671
641 401 382 N 611 640 642 672
642 420 382 N 611 612 641 643 673
643 439 382 N 613 642 644
644 458 382 N 613 643 674
645 477 382 N 614 675 676
646 496 382 N 615 616 676 677
647 515 382 N 616 617 648 678
648 534 382 N 617 647 678 679
649 553 382 N 619 650 679 680
650 572 382 N 619 649 680
651 2 401 N 621 652
652 21 401 N 621 622 651 653 683
653 40 401 N 622 652 654 684
654 59 401 N 623 624 653 655 684
655 78 401 N 624 654 685 686
656 97 401 N 625 626 657 687
657 116 401 N 627 656 658 688
658 135 401 N 627 657 688 689
659 154 401 N 628 629 690
660 173 401 N 629 630 690
661 192 401 N 630 631 662 692
662 211 401 N 631 632 661 663
663 230 401 N 633 662 664 693 694
664 249 401 N 633 634 663 665 694
665 268 401 N 664 666 695
666 287 401 N 635 636 665 667 696
667 306 401 N 637 666 668 697
668 325 401 N 637 638 667 669 698 699
669 344 401 N 638 639 668 699
670 363 401 N 639 640 700 701
671 382 401 N 640 701
672 401 401 N 641 673 702 703
673 420 401 N 642 672 674 703 704
674 439 401 N 644 673 675 704
675 458 401 N 645 674 676 705 706
676 477 401 N 645 646 675 677 706 707
677 496 401 N 646 676 707
678 515 401 N 647 648 679 708
679 534 401 N 648 649 678 680 710
680 553 401 N 649 650 679 681 710
681 572 401 N 680 711 712
682 2 420 N 683 713
683 21 420 N 652 682 714
684 40 420 N 653 654 685 714 715
685 59 420 N 655 684 715 716
686 78 420 N 655 717
687 97 420 N 656 688 718
688 116 420 N 657 658 687 689
689 135 420 N 658 688 690 719 720
690 154 420 N 659 660 689 720 721
691 173 420 N 721 722
692 192 420 N 661 693 723
693 211 420 N 663 692 694
694 230 420 N 663 664 693
695 249 420 N 665 696 725
696 268 420 N 666 695 697 727
697 287 420 N 667 696 727 728
698 306 420 N 668 728
699 325 420 N 668 669 700 730
700 344 420 N 670 699 701 730 731
701 363 420 N 670 671 700 702 731 732
702 382 420 N 672 701 703 732 733
703 401 420 N 672 673 702 704 733
704 420 420 N 673 674 703 705 734 735
705 439 420 N 675 704 706 735 736
706 458 420 N 675 676 705 736 737
707 477 420 N 676 677 708 737
708 496 420 N 678 707 738
709 515 420 N 710 739 740
710 534 420 N 679 680 709 740 741
711 553 420 N 681 741 742
712 572 420 N 681 742 743
713 2 439 N 682 744
714 21 439 N 683 684 715 744 745
715 40 439 N 684 685 714 716 745 746
716 59 439 N 685 715 717 746
717 78 439 N 686 716 748
718 97 439 N 687
719 116 439 N 689 749
720 135 439 N 689 690 721 750 751
721 154 439 N 690 691 720 722 752
722 173 439 N 691 721 752 753
723 192 439 N 692 724 753 754
724 211 439 N 723 725 754 755
725 230 439 N 695 724 755 756
726 249 439 N 727 757
727 268 439 N 696 697 726 728 757 758
728 287 439 N 697 698 727 758 759
729 306 439 N 730 760
730 325 439 N 699 700 729 731 760 761
731 344 439 N 700 701 730 732 761 762
732 363 439 N 701 702 731 733 763
733 382 439 N 702 703 732 734
734 401 439 N 704 733 735 764 765
735 420 439 N 704 705 734 736 765
736 439 439 N 705 706 735 737 766 767
737 458 439 N 706 707 736 738 768
738 477 439 N 708 737 769
739 496 439 N 709 770
740 515 439 N 709 710 741 770 771
741 534 439 N 710 711 740 742 771 772
742 553 439 N 711 712 741 743 772 773
743 572 439 N 712 742
744 2 458 N 713 714 745 775
745 21 458 N 714 715 744 775 776
746 40 458 N 715 716 776 777
747 59 458 N 777 778
748 78 458 N 717 779
749 97 458 N 719 750 779 780
750 116 458 N 720 749 751 780 781
751 135 458 N 720 750 782
752 154 458 N 721 722 753 782
753 173 458 N 722 723 752 754 783
754 192 458 N 723 724 753 755 784 785
755 211 458 N 724 725 754 756 785 786
756 230 458 N 725 755 786
757 249 458 N 726 727 758 787
758 268 458 N 727 728 757 759 788 789
759 287 458 N 728 758 760 789
760 306 458 N 729 730 759 790 791
761 325 458 N 730 731 791 792
762 344 458 N 731 763 792 793
763 363 458 N 732 762 764 793 794
764 382 458 N 734 763 765 794
765 401 458 N 734 735 764 766 795 796
766 420 458 N 736 765 767 796
767 439 458 N 736 766 797
768 458 458 N 737 769 799
769 477 458 N 738 768 799 800
770 496 458 N 739 740 771
771 515 458 N 740 741 770 802
772 534 458 N 741 742 802 803
773 553 458 N 742 774 803 804
774 572 458 N 773
775 2 477 N 744 745 806
776 21 477 N 745 746 777 806 807
777 40 477 N 746 747 776 778
778 59 477 N 747 777 779 808
779 78 477 N 748 749 778 780 809 810
780 97 477 N 749 750 779 810
781 116 477 N 750 782 811
782 135 477 N 751 752 781 783 813
783 154 477 N 753 782 784 813
784 173 477 N 754 783 785
785 192 477 N 754 755 784 815 816
786 211 477 N 755 756 816 817
787 230 477 N 757 788 817
788 249 477 N 758 787
789 268 477 N 758 759 819 820
790 287 477 N 760 791 820 821
791 306 477 N 760 761 790 821 822
792 325 477 N 761 762 793 822 823
793 344 477 N 762 763 792 823 824
794 363 477 N 763 764 795 825
795 382 477 N 765 794 796 826
796 401 477 N 765 766 795 797 826
797 420 477 N 767 796 827 828
798 439 477 N 799 828 829
799 458 477 N 768 769 798 800 829
800 477 477 N 769 799 801 831
801 496 477 N 800 802 832
802 515 477 N 771 772 801 833
803 534 477 N 772 773 804 833 834
804 553 477 N 773 803 834 835
805 572 477 N 835
806 2 496 N 775 776
807 21 496 N 776 808 837
808 40 496 N 778 807 809 838 839
809 59 496 N 779 808 810 839 840
810 78 496 N 779 780 809 841
811 97 496 N 781 841 842
812 116 496 N 813 842
813 135 496 N 782 783 812 814 843 844
814 154 496 N 813 815 844 845
815 173 496 N 785 814 845 846
816 192 496 N 785 786 846 847
817 211 496 N 786 787 818 847 848
818 230 496 N 817 819 848 849
819 249 496 N 789 818 849 850
820 268 496 N 789 790
821 287 496 N 790 791 822 851 852
822 306 496 N 791 792 821 853
823 325 496 N 792 793 824 853
824 344 496 N 793 823 825 855
825 363 496 N 794 824 826 855 856
826 382 496 N 795 796 825 827 856 857
827 401 496 N 797 826 828 857 858
828 420 496 N 797 798 827 858
829 439 496 N 798 799 830
830 458 496 N 829 860
831 477 496 N 800 861 862
832 496 496 N 801 833
833 515 496 N 802 803 832 834 863 864
834 534 496 N 803 804 833 864
835 553 496 N 804 805 836 865 866
836 572 496 N 835 867
837 2 515 N 807 838 868
838 21 515 N 808 837 839 869
839 40 515 N 808 809 838 869 870
840 59 515 N 809 870 871
841 78 515 N 810 811 842 871 872
842 97 515 N 811 812 841 843 872 873
843 116 515 N 813 842 844 873 874
844 135 515 N 813 814 843 874
845 154 515 N 814 815 846 875 876
846 173 515 N 815 816 845 847 877
847 192 515 N 816 817 846 848 877
848 211 515 N 817 818 847 849 879
849 230 515 N 818 819 848 850 879 880
850 249 515 N 819 849 880 881
851 268 515 N 821 882
852 287 515 N 821 853 882 883
853 306 515 N 822 823 852
854 325 515 N 855 884 885
855 344 515 N 824 825 854 856 886
856 363 515 N 825 826 855 857 886
857 382 515 N 826 827 856 858 887
858 401 515 N 827 828 857 859 889
859 420 515 N 858 890
860 439 515 N 830 861
861 458 515 N 831 860 862 891
862 477 515 N 831 861 863 892
863 496 515 N 833 862 864 893 894
864 515 515 N 833 834 863 865 894 895
865 534 515 N 835 864 895 896
866 553 515 N 835 867 896
867 572 515 N 836 866 898
868 2 534 N 837 869 899
869 21 534 N 838 839 868 870 900
870 40 534 N 839 840 869 871 900 901
871 59 534 N 840 841 870 872 902
872 78 534 N 841 842 871 902
873 97 534 N 842 843 874 903 904
874 116 534 N 843 844 873 905
875 135 534 N 845 876 905 906
876 154 534 N 845 875 877 906 907
877 173 534 N 846 847 876 908
878 192 534 N 879
879 211 534 N 848 849 878 880 909 910
880 230 534 N 849 850 879 910 911
881 249 534 N 850 882 912
882 268 534 N 851 852 881 883 912 913
883 287 534 N 852 882 913 914
884 306 534 N 854 885 914 915
885 325 534 N 854 884 915 916
886 344 534 N 855 856 887
887 363 534 N 857 886 888 917
888 382 534 N 887
889 401 534 N 858 890 919 920
890 420 534 N 859 889 891 921
891 439 534 N 861 890 892 921
892 458 534 N 862 891 893 922
893 477 534 N 863 892 894
894 496 534 N 863 864 893 895 925
895 515 534 N 864 865 894 896 925 926
896 534 534 N 865 866 895 897 926 927
897 553 534 N 896 898 927 928
898 572 534 N 867 897 928
899 2 553 N 868 900 930
900 21 553 N 869 870 899 901 930 931
901 40 553 N 870 900 902 932
902 59 553 N 871 872 901 903 933
903 78 553 N 873 902 904 933
904 97 553 N 873 903 934 935
905 116 553 N 874 875 906 935
906 135 553 N 875 876 905 907 936
907 154 553 N 876 906 908 937 938
908 173 553 N 877 907 909 938
909 192 553 N 879 908 939 940
910 211 553 N 879 880 911 941
911 230 553 N 880 910 912 941 942
912 249 553 N 881 882 911 942 943
913 268 553 N 882 883 914 944
914 287 553 N 883 884 913 944
915 306 553 N 884 885 916 945 946
916 325 553 N 885 915 946 947
917 344 553 N 887 918 948
918 363 553 N 917 919 948 949
919 382 553 N 889 918 920 950
920 401 553 N 889 919
921 420 553 N 890 891 922 951 952
922 439 553 N 892 921 923 952 953
923 458 553 N 922 924 953 954
924 477 553 N 923 925 954 955
925 496 553 N 894 895 924 926 955 956
926 515 553 N 895 896 925 927 957
927 534 553 N 896 897 926 928 957
928 553 553 N 897 898 927
929 572 553 N 960
930 2 572 N 899 900 931 961
931 21 572 N 900 930 962
932 40 572 N 901 933 963
933 59 572 N 902 903 932 934 964
934 78 572 N 904 933 935
935 97 572 N 904 905 934 936 966
936 116 572 N 906 935 937
937 135 572 N 907 936 938 968
938 154 572 N 907 908 937 939 969
939 173 572 N 909 938 940 970
940 192 572 N 909 939 971
941 211 572 N 910 911 942 972
942 230 572 N 911 912 941 943 973
943 249 572 N 912 942 944 974
944 268 572 N 913 914 943 945 975
945 287 572 N 915 944 976
946 306 572 N 915 916
947 325 572 N 916 948 978
948 344 572 N 917 918 947 949
949 363 572 N 918 948
950 382 572 N 919
951 401 572 N 921 952
952 420 572 N 921 922 951 953 983
953 439 572 N 922 923 952 954
954 458 572 N 923 924 953 955 985
955 477 572 N 924 925 954 986
956 496 572 N 925 987
957 515 572 N 926 927 988
958 534 572 N 959 989
959 553 572 N 958 960
960 572 572 N 929 959 991
961 2 591 N 930 962 992
962 21 591 N 931 961 963 993
963 40 591 N 932 962
964 59 591 N 933 965 995
965 78 591 N 964 966 996
966 97 591 N 935 965 967 997
967 116 591 N 966 968 998
968 135 591 N 937 967 969 999
969 154 591 N 938 968
970 173 591 N 939 971
971 192 591 N 940 970 972
972 211 591 N 941 971 973
973 230 591 N 942 972 974
974 249 591 N 943 973 975
975 268 591 N 944 974
976 287 591 N 945
977 306 591 N
978 325 591 N 947 979
979 344 591 N 978 980
980 363 591 N 979 981
981 382 591 N 980 982
982 401 591 N 981 983
983 420 591 N 952 982
984 439 591 N 985
985 458 591 N 954 984 986
986 477 591 N 955 985 987
987 496 591 N 956 986 988
988 515 591 N 957 987 989
989 534 591 N 958 988 990
990 553 591 N 989
991 572 591 N 960
992 2 610 N 961 993
993 21 610 N 962 992 994
994 40 610 N 993
995 59 610 N 964 996
996 78 610 N 965 995 997
997 97 610 N 966 996
998 116 610 N 967
999 135 610 N 968
