500
0 2 2 N 1
1 29 2 N 0 23
2 56 2 N 3 23 24
3 83 2 N 2 4
4 110 2 N 3 26
5 137 2 N 6 26 27
6 164 2 N 5 7
7 191 2 N 6 28
8 218 2 N 9 29 30
9 245 2 N 8 31
10 272 2 N 31 32
11 299 2 N 12 33
12 326 2 N 11 13 33 34
13 353 2 N 12 14 35
14 380 2 N 13 15 35 36
15 407 2 N 14 36
16 434 2 N 37 38
17 461 2 N 18 38 39
18 488 2 N 17 19 39 40
19 515 2 N 18 20 40
20 542 2 N 19 21 41
21 569 2 N 20
22 2 29 N 23 44
23 29 29 N 1 2 22 24 44 45
24 56 29 N 2 23 45 46
25 83 29 N 26 46 47
26 110 29 N 4 5 25 27 47 48
27 137 29 N 5 26 28 48 49
28 164 29 N 7 27 29 49 50
29 191 29 N 8 28 50 51
30 218 29 N 8 31
31 245 29 N 9 10 30 32 52 53
32 272 29 N 10 31 33 53 54
33 299 29 N 11 12 32 34 55
34 326 29 N 12 33 56
35 353 29 N 13 14 36 56 57
36 380 29 N 14 15 35 57 58
37 407 29 N 16 38 59
38 434 29 N 16 17 37 39
39 461 29 N 17 18 38 40 60 61
40 488 29 N 18 19 39 61
41 515 29 N 20 42 62 63
42 542 29 N 41 43 63 64
43 569 29 N 42 64 65
44 2 56 N 22 23
45 29 56 N 23 24 67
46 56 56 N 24 25 47 67 68
47 83 56 N 25 26 46 68
48 110 56 N 26 27 49 69
49 137 56 N 27 28 48 50 70 71
50 164 56 N 28 29 49 71 72
51 191 56 N 29 52 72 73
52 218 56 N 31 51 73 74
53 245 56 N 31 32 75
54 272 56 N 32 55 75 76
55 299 56 N 33 54 56 76 77
56 326 56 N 34 35 55 57 77
57 353 56 N 35 36 56 58 78 79
58 380 56 N 36 57 59
59 407 56 N 37 58 60 81
60 434 56 N 39 59 61 81 82
61 461 56 N 39 40 60 62 82
62 488 56 N 41 61
63 515 56 N 41 42 84 85
64 542 56 N 42 43 85 86
65 569 56 N 43
66 2 83 N
67 29 83 N 45 46 68 88 89
68 56 83 N 46 47 67 89 90
69 83 83 N 48 70 90
70 110 83 N 49 69 71 91 92
71 137 83 N 49 50 70 72 92 93
72 164 83 N 50 51 71 73 93 94
73 191 83 N 51 52 72 74 94 95
74 218 83 N 52 73 75 96
75 245 83 N 53 54 74 76 96 97
76 272 83 N 54 55 75 77 98
77 299 83 N 55 56 76 98
78 326 83 N 57 100
79 353 83 N 57 80 100 101
80 380 83 N 79 101 102
81 407 83 N 59 60 82 102 103
82 434 83 N 60 61 81 83 103 104
83 461 83 N 82 84 104 105
84 488 83 N 63 83
85 515 83 N 63 64 86
86 542 83 N 64 85 107 108
87 569 83 N
88 2 110 N 67 89
89 29 110 N 67 68 88 90
90 56 110 N 68 69 89 91 112
91 83 110 N 70 90 92 112
92 110 110 N 70 71 91 93 113 114
93 137 110 N 71 72 92 94 114 115
94 164 110 N 72 73 93 95
95 191 110 N 73 94 96 116 117
96 218 110 N 74 75 95 97 118
97 245 110 N 75 96 98 118
98 272 110 N 76 77 97
99 299 110 N 121
100 326 110 N 78 79 101 121 122
101 353 110 N 79 80 100 102 122 123
102 380 110 N 80 81 101 103
103 407 110 N 81 82 102 124 125
104 434 110 N 82 83 105 125
105 461 110 N 83 104 106 126
106 488 110 N 105 107 128
107 515 110 N 86 106 108 128 129
108 542 110 N 86 107 109
109 569 110 N 108 130 131
110 2 137 N 132
111 29 137 N 133
112 56 137 N 90 91 113 134
113 83 137 N 92 112 114 134 135
114 110 137 N 92 93 113 115
115 137 137 N 93 114 116 136 137
116 164 137 N 95 115 137 138
117 191 137 N 95 118 139
118 218 137 N 96 97 117 119 140
119 245 137 N 118 140 141
120 272 137 N 121 142
121 299 137 N 99 100 120 122 143
122 326 137 N 100 101 121 123 143 144
123 353 137 N 101 122 124 144
124 380 137 N 103 123 125 145 146
125 407 137 N 103 104 124 126 146 147
126 434 137 N 105 125 127 148
127 461 137 N 126 148 149
128 488 137 N 106 107 129 149
129 515 137 N 107 128 130
130 542 137 N 109 129 131 152
131 569 137 N 109 130
132 2 164 N 110 133 154
133 29 164 N 111 132 134 154 155
134 56 164 N 112 113 133 135 156
135 83 164 N 113 134 136 156
136 110 164 N 115 135 137
137 137 164 N 115 116 136 138
138 164 164 N 116 137 139 159 160
139 191 164 N 117 138 140 160
140 218 164 N 118 119 139 141 161 162
141 245 164 N 119 140 142 163
142 272 164 N 120 141 143 163
143 299 164 N 121 122 142 144 165
144 326 164 N 122 123 143 145 165 166
145 353 164 N 124 144 146 166 167
146 380 164 N 124 125 145 147 167 168
147 407 164 N 125 146 168 169
148 434 164 N 126 127 149 169 170
149 461 164 N 127 128 148 150 170
150 488 164 N 149 151 172
151 515 164 N 150 152
152 542 164 N 130 151 153
153 569 164 N 152 174
154 2 191 N 132 133 155
155 29 191 N 133 154 156 176 177
156 56 191 N 134 135 155 157 178
157 83 191 N 156 178 179
158 110 191 N 180
159 137 191 N 138 180 181
160 164 191 N 138 139 182
161 191 191 N 140 162 182 183
162 218 191 N 140 161 183
163 245 191 N 141 142 184
164 272 191 N 165 185 186
165 299 191 N 143 144 164 166 186 187
166 326 191 N 144 145 165
167 353 191 N 145 146 168 189
168 380 191 N 146 147 167 169 189 190
169 407 191 N 147 148 168 190 191
170 434 191 N 148 149 191 192
171 461 191 N 172 192 193
172 488 191 N 150 171 173
173 515 191 N 172 174 194 195
174 542 191 N 153 173 175 196
175 569 191 N 174 196
176 2 218 N 155 198
177 29 218 N 155 178 198 199
178 56 218 N 156 157 177 179 199 200
179 83 218 N 157 178 200 201
180 110 218 N 158 159 201
181 137 218 N 159 182 202 203
182 164 218 N 160 161 181 183 203 204
183 191 218 N 161 162 182 184 204 205
184 218 218 N 163 183 185 205 206
185 245 218 N 164 184 186 207
186 272 218 N 164 165 185 187 207 208
187 299 218 N 165 186 188 208 209
188 326 218 N 187 209 210
189 353 218 N 167 168 190 211
190 380 218 N 168 169 189 211 212
191 407 218 N 169 170 212 213
192 434 218 N 170 171 193 213 214
193 461 218 N 171 192 194 214 215
194 488 218 N 173 193 195 215
195 515 218 N 173 194 196 216
196 542 218 N 174 175 195 197
197 569 218 N 196 218
198 2 245 N 176 177 199 220
199 29 245 N 177 178 198 200 220
200 56 245 N 178 179 199 201 221 222
201 83 245 N 179 180 200 202
202 110 245 N 181 201 203 223
203 137 245 N 181 182 202 224 225
204 164 245 N 182 183 205
205 191 245 N 183 184 204 227
206 218 245 N 184 207 227
207 245 245 N 185 186 206 208 228 229
208 272 245 N 186 187 207 229 230
209 299 245 N 187 188 210 230 231
210 326 245 N 188 209 211 231 232
211 353 245 N 189 190 210 212 232
212 380 245 N 190 191 211 233 234
213 407 245 N 191 192 214 235
214 434 245 N 192 193 213 235 236
215 461 245 N 193 194 216 236 237
216 488 245 N 195 215 217 238
217 515 245 N 216 238 239
218 542 245 N 197 239 240
219 569 245 N 240 241
220 2 272 N 198 199
221 29 272 N 200 222 242 243
222 56 272 N 200 221 223 244
223 83 272 N 202 222 224
224 110 272 N 203 223 245 246
225 137 272 N 203 226 247
226 164 272 N 225 227 248
227 191 272 N 205 206 226 249
228 218 272 N 207 229 249 250
229 245 272 N 207 208 228 250 251
230 272 272 N 208 209 231 251 252
231 299 272 N 209 210 230 232 252
232 326 272 N 210 211 231 233 253 254
233 353 272 N 212 232 234
234 380 272 N 212 233 235 255 256
235 407 272 N 213 214 234 236 256
236 434 272 N 214 215 235 237 257 258
237 461 272 N 215 236 238 258 259
238 488 272 N 216 217 237 239 259
239 515 272 N 217 218 238 240 260 261
240 542 272 N 218 219 239 241 262
241 569 272 N 219 240 262 263
242 2 299 N 221 264
243 29 299 N 221 264
244 56 299 N 222 245 266
245 83 299 N 224 244 266
246 110 299 N 224 247 267 268
247 137 299 N 225 246 268 269
248 164 299 N 226 249 269 270
249 191 299 N 227 228 248 250
250 218 299 N 228 229 249 251 272
251 245 299 N 229 230 250 252 272 273
252 272 299 N 230 231 251 253 273 274
253 299 299 N 232 252 274
254 326 299 N 232 255 275 276
255 353 299 N 234 254 256 276 277
256 380 299 N 234 235 255 277 278
257 407 299 N 236 278 279
258 434 299 N 236 237 259 279 280
259 461 299 N 237 238 258 280
260 488 299 N 239 281 282
261 515 299 N 239 262 283
262 542 299 N 240 241 261 283 284
263 569 299 N 241 285
264 2 326 N 242 243 286
265 29 326 N 266 287
266 56 326 N 244 245 265 287 288
267 83 326 N 246 268 288
268 110 326 N 246 247 267 289
269 137 326 N 247 248 270 290 291
270 164 326 N 248 269 291 292
271 191 326 N 272 292 293
272 218 326 N 250 251 271 273 294
273 245 326 N 251 252 272 274 294 295
274 272 326 N 252 253 273 275
275 299 326 N 254 274 296
276 326 326 N 254 255 297
277 353 326 N 255 256 298 299
278 380 326 N 256 257 279 299
279 407 326 N 257 258 278 300 301
280 434 326 N 258 259 281 302
281 461 326 N 260 280 282
282 488 326 N 260 281 283 303
283 515 326 N 261 262 282 284 304
284 542 326 N 262 283 285 306
285 569 326 N 263 284 307
286 2 353 N 264 287
287 29 353 N 265 266 286 288 309
288 56 353 N 266 267 287 289 309 310
289 83 353 N 268 288 290 310 311
290 110 353 N 269 289 311 312
291 137 353 N 269 270 312 313
292 164 353 N 270 271 293 313 314
293 191 353 N 271 292 294 315
294 218 353 N 272 273 293 316
295 245 353 N 273 296 316
296 272 353 N 275 295 317 318
297 299 353 N 276 298 318
298 326 353 N 277 297 299 320
299 353 353 N 277 278 298 300 320
300 380 353 N 279 299 301 322
301 407 353 N 279 300 302 323
302 434 353 N 280 301 303 323
303 461 353 N 282 302 304 325
304 488 353 N 283 303 325 326
305 515 353 N 306 326 327
306 542 353 N 284 305 307
307 569 353 N 285 306
308 2 380 N 330
309 29 380 N 287 288 310 330 331
310 56 380 N 288 289 309 311 331
311 83 380 N 289 290 310 332
312 110 380 N 290 291
313 137 380 N 291 292 334 335
314 164 380 N 292 335 336
315 191 380 N 293 316
316 218 380 N 294 295 315 317 337
317 245 380 N 296 316 339
318 272 380 N 296 297 319 340
319 299 380 N 318 320 340 341
320 326 380 N 298 299 319 321 342
321 353 380 N 320 322
322 380 380 N 300 321 323 343 344
323 407 380 N 301 302 322 344
324 434 380 N 345 346
325 461 380 N 303 304 326 346 347
326 488 380 N 304 305 325
327 515 380 N 305 328 349
328 542 380 N 327 329 349 350
329 569 380 N 328 351
330 2 407 N 308 309 331
331 29 407 N 309 310 330
332 56 407 N 311 354
333 83 407 N 334 354
334 110 407 N 313 333 335 355
335 137 407 N 313 314 334 356 357
336 164 407 N 314 337 357 358
337 191 407 N 316 336 338 358 359
338 218 407 N 337 339 360
339 245 407 N 317 338
340 272 407 N 318 319 362
341 299 407 N 319 342 362 363
342 326 407 N 320 341 363 364
343 353 407 N 322 365
344 380 407 N 322 323 345 365 366
345 407 407 N 324 344 366 367
346 434 407 N 324 325
347 461 407 N 325 348 369
348 488 407 N 347 349 370
349 515 407 N 327 328 348 350 370
350 542 407 N 328 349 351 371
351 569 407 N 329 350 372 373
352 2 434 N 353 374
353 29 434 N 352 354 375
354 56 434 N 332 333 353 355 375
355 83 434 N 334 354 356 376 377
356 110 434 N 335 355
357 137 434 N 335 336 378 379
358 164 434 N 336 337 359 380
359 191 434 N 337 358 381
360 218 434 N 338 381 382
361 245 434 N 362 382 383
362 272 434 N 340 341 361 363 383 384
363 299 434 N 341 342 362 364 384 385
364 326 434 N 342 363 365 385 386
365 353 434 N 343 344 364 386 387
366 380 434 N 344 345 388
367 407 434 N 345 388 389
368 434 434 N 389
369 461 434 N 347 370 390 391
370 488 434 N 348 349 369 391 392
371 515 434 N 350 372 392
372 542 434 N 351 371 394
373 569 434 N 351 394
374 2 461 N 352 375
375 29 461 N 353 354 374 376 396 397
376 56 461 N 355 375 397 398
377 83 461 N 355 398 399
378 110 461 N 357 379 399
379 137 461 N 357 378 380 400 401
380 164 461 N 358 379 401
381 191 461 N 359 360 382 403
382 218 461 N 360 361 381 383 403
383 245 461 N 361 362 382 384 404 405
384 272 461 N 362 363 383 405
385 299 461 N 363 364 386 406 407
386 326 461 N 364 365 385 387 408
387 353 461 N 365 386 408
388 380 461 N 366 367 389 409
389 407 461 N 367 368 388 390 410
390 434 461 N 369 389 391
391 461 461 N 369 370 390 392
392 488 461 N 370 371 391 393
393 515 461 N 392 394 414 415
394 542 461 N 372 373 393 395 415 416
395 569 461 N 394 416 417
396 2 488 N 375 397 418
397 29 488 N 375 376 396 398
398 56 488 N 376 377 397 399
399 83 488 N 377 378 398 400 421
400 110 488 N 379 399 401 421 422
401 137 488 N 379 380 400
402 164 488 N 423
403 191 488 N 381 382 404 424 425
404 218 488 N 383 403 405 425 426
405 245 488 N 383 384 404 406
406 272 488 N 385 405 407 427
407 299 488 N 385 406 408 428 429
408 326 488 N 386 387 407 409 429
409 353 488 N 388 408 410 430 431
410 380 488 N 389 409 411 431
411 407 488 N 410 433
412 434 488 N 413 434
413 461 488 N 412 414 435
414 488 488 N 393 413 415 435
415 515 488 N 393 394 414 436 437
416 542 488 N 394 395 417 437 438
417 569 488 N 395 416 438 439
418 2 515 N 396 419 440
419 29 515 N 418 440
420 56 515 N 421 441 442
421 83 515 N 399 400 420 422 442
422 110 515 N 400 421 443 444
423 137 515 N 402 424 444
424 164 515 N 403 423 425 445 446
425 191 515 N 403 404 424 446 447
426 218 515 N 404 427 447
427 245 515 N 406 426 428 448 449
428 272 515 N 407 427 429 449 450
429 299 515 N 407 408 428 430
430 326 515 N 409 429 431 451 452
431 353 515 N 409 410 430 432 452 453
432 380 515 N 431 433 453 454
433 407 515 N 411 432 455
434 434 515 N 412 435 455
435 461 515 N 413 414 434 436 456
436 488 515 N 415 435 437 457 458
437 515 515 N 415 416 436 438 459
438 542 515 N 416 417 437 439 459 460
439 569 515 N 417 438 461
440 2 542 N 418 419 441 462
441 29 542 N 420 440 442 463
442 56 542 N 420 421 441 443
443 83 542 N 422 442 444 465
444 110 542 N 422 423 443 465
445 137 542 N 424 446 466 467
446 164 542 N 424 425 445 447 468
447 191 542 N 425 426 446 448 468
448 218 542 N 427 447 449 469 470
449 245 542 N 427 428 448
450 272 542 N 428 451
451 299 542 N 430 450 452 472 473
452 326 542 N 430 431 451 473
453 353 542 N 431 432 454 474
454 380 542 N 432 453 455 475
455 407 542 N 433 434 454 477
456 434 542 N 435 457
457 461 542 N 436 456 479
458 488 542 N 436 459 479 480
459 515 542 N 437 438 458 460 480 481
460 542 542 N 438 459 481 482
461 569 542 N 439 482
462 2 569 N 440 463 484
463 29 569 N 441 462 464
464 56 569 N 463 465 486
465 83 569 N 443 444 464 466 487
466 110 569 N 445 465 488
467 137 569 N 445 489
468 164 569 N 446 447
469 191 569 N 448 470 491
470 218 569 N 448 469 471 492
471 245 569 N 470 472
472 272 569 N 451 471
473 299 569 N 451 452 495
474 326 569 N 453 475 496
475 353 569 N 454 474 476
476 380 569 N 475 477 498
477 407 569 N 455 476 499
478 434 569 N
479 461 569 N 457 458 480
480 488 569 N 458 459 479 481
481 515 569 N 459 460 480 482
482 542 569 N 460 461 481 483
483 569 569 N 482
484 2 596 N 462
485 29 596 N 486
486 56 596 N 464 485
487 83 596 N 465 488
488 110 596 N 466 487 489
489 137 596 N 467 488
490 164 596 N
491 191 596 N 469
492 218 596 N 470 493
493 245 596 N 492 494
494 272 596 N 493
495 299 596 N 473
496 326 596 N 474 497
497 353 596 N 496 498
498 380 596 N 476 497
499 407 596 N 477
