64
0 2 2 N 1 8
1 77 2 N 0 2 8
2 152 2 N 1 3 9 10
3 227 2 N 2
4 302 2 N 5 11 12
5 377 2 N 4 6 12 13
6 452 2 N 5 7 13
7 527 2 N 6
8 2 77 N 0 1 9
9 77 77 N 2 8 10 16
10 152 77 N 2 9 18
11 227 77 N 4 12 18 19
12 302 77 N 4 5 11 13 19 20
13 377 77 N 5 6 12 20 21
14 452 77 N 15 22
15 527 77 N 14 22 23
16 2 152 N 9 24
17 77 152 N 25
18 152 152 N 10 11 19
19 227 152 N 11 12 18 20 26
20 302 152 N 12 13 19 21 28
21 377 152 N 13 20 28 29
22 452 152 N 14 15 29 30
23 527 152 N 15 30 31
24 2 227 N 16
25 77 227 N 17 26 32 33
26 152 227 N 19 25 27 34
27 227 227 N 26 28 34 35
28 302 227 N 20 21 27 35 36
29 377 227 N 21 22 30 36 37
30 452 227 N 22 23 29 31 38
31 527 227 N 23 30
32 2 302 N 25 40
33 77 302 N 25 34 40 41
34 152 302 N 26 27 33 41 42
35 227 302 N 27 28 36 42 43
36 302 302 N 28 29 35
37 377 302 N 29 45
38 452 302 N 30 39 45
39 527 302 N 38 46
40 2 377 N 32 33 41 48
41 77 377 N 33 34 40 42
42 152 377 N 34 35 41
43 227 377 N 35 51
44 302 377 N 45 51
45 377 377 N 37 38 44 46 52 53
46 452 377 N 39 45 47 53 54
47 527 377 N 46 54 55
48 2 452 N 40 49 56
49 77 452 N 48 57
50 152 452 N 51 57 58
51 227 452 N 43 44 50 52 58 59
52 302 452 N 45 51 53 59 60
53 377 452 N 45 46 52 61
54 452 452 N 46 47 62
55 527 452 N 47 62 63
56 2 527 N 48
57 77 527 N 49 50 58
58 152 527 N 50 51 57
59 227 527 N 51 52 60
60 302 527 N 52 59 61
61 377 527 N 53 60 62
62 452 527 N 54 55 61
63 527 527 N 55
